b7 b6 b5 b4 b3 b2 | c_and c_or c_load c_save c_not c_zero c_one c_ret c__ret2 c_halt c_out c_outnext c_outprev c_in c_innext c_inprev c_infrom c_outto c_call c_jmpt c_jmp
0 0 0 x x x | 1 0 0 0 0 0 0 0 0 0 0 0 0 0 0 0 0 0 0 0 0 # and
0 0 1 x x x | 0 1 0 0 0 0 0 0 0 0 0 0 0 0 0 0 0 0 0 0 0 # or
0 1 0 x x x | 0 0 1 0 0 0 0 0 0 0 0 0 0 0 0 0 0 0 0 0 0 # load
0 1 1 x x x | 0 0 0 1 0 0 0 0 0 0 0 0 0 0 0 0 0 0 0 0 0 # save
1 0 0 0 0 0 | 0 0 0 0 1 0 0 0 0 0 0 0 0 0 0 0 0 0 0 0 0 # not
1 0 0 0 1 0 | 0 0 0 0 0 1 0 0 0 0 0 0 0 0 0 0 0 0 0 0 0 # zero
1 0 0 0 1 1 | 0 0 0 0 0 0 1 0 0 0 0 0 0 0 0 0 0 0 0 0 0 # one
1 0 0 1 0 0 | 0 0 0 0 0 0 0 1 0 0 0 0 0 0 0 0 0 0 0 0 0 # ret
1 0 0 1 0 1 | 0 0 0 0 0 0 0 0 1 0 0 0 0 0 0 0 0 0 0 0 0 # _ret2
1 0 0 1 1 0 | 0 0 0 0 0 0 0 0 0 1 0 0 0 0 0 0 0 0 0 0 0 # halt
1 0 1 0 0 0 | 0 0 0 0 0 0 0 0 0 0 1 0 0 0 0 0 0 0 0 0 0 # out
1 0 1 0 1 0 | 0 0 0 0 0 0 0 0 0 0 0 1 0 0 0 0 0 0 0 0 0 # outnext
1 0 1 0 1 1 | 0 0 0 0 0 0 0 0 0 0 0 0 1 0 0 0 0 0 0 0 0 # outprev
1 0 1 1 0 0 | 0 0 0 0 0 0 0 0 0 0 0 0 0 1 0 0 0 0 0 0 0 # in
1 0 1 1 1 0 | 0 0 0 0 0 0 0 0 0 0 0 0 0 0 1 0 0 0 0 0 0 # innext
1 0 1 1 1 1 | 0 0 0 0 0 0 0 0 0 0 0 0 0 0 0 1 0 0 0 0 0 # inprev
1 1 0 0 0 x | 0 0 0 0 0 0 0 0 0 0 0 0 0 0 0 0 1 0 0 0 0 # infrom
1 1 0 0 1 x | 0 0 0 0 0 0 0 0 0 0 0 0 0 0 0 0 0 1 0 0 0 # outto
1 1 0 1 x x | 0 0 0 0 0 0 0 0 0 0 0 0 0 0 0 0 0 0 1 0 0 # call
1 1 1 0 x x | 0 0 0 0 0 0 0 0 0 0 0 0 0 0 0 0 0 0 0 1 0 # jmpt
1 1 1 1 x x | 0 0 0 0 0 0 0 0 0 0 0 0 0 0 0 0 0 0 0 0 1 # jmp
1 0 0 0 0 1 | 0 0 0 0 0 0 0 0 0 0 0 0 0 0 0 0 0 0 0 0 0 # not assigned
1 0 0 1 1 1 | 0 0 0 0 0 0 0 0 0 0 0 0 0 0 0 0 0 0 0 0 0 # not assigned
1 0 1 0 0 1 | 0 0 0 0 0 0 0 0 0 0 0 0 0 0 0 0 0 0 0 0 0 # not assigned
1 0 1 1 0 1 | 0 0 0 0 0 0 0 0 0 0 0 0 0 0 0 0 0 0 0 0 0 # not assigned